8.03929538404277
7.8467263737827055
7.700521160464405
7.937582652328416
7.91617199892198
7.890071973688921
7.819755275028044
7.783285235149757
7.733349069852858
7.795520404126764
7.870695956280903
7.97895672423814
7.618701589353347
8.045960225402302
7.538870371243689
8.137059168934432
7.7890272714992905
7.667300047354701
7.485665737810318
7.610867096533946
7.986007233306891
8.051522279013822
7.923937313898412
8.324812170929302
7.942239177673175
7.890759466149298
7.6361279671743745
7.5111090999608
8.445584960968038
7.724026973200145
7.93417224479299
8.113623822546506
7.923983505190437
7.8947614957292815
7.925161942969704
8.280235241633708
7.923192089778283
8.124492813151253
8.461581127476716
7.862131477399084
7.892634263207626
7.815996367708941
7.716018286474241
8.117579803149912
7.837631591348858
7.472673163907966
7.477864681200865
7.944013678570622
7.658930710188651
7.375058612215693
