750.9357482294824
899.4810764044634
745.8379059346646
390.0640294597184
1098.0045352372904
768.2393704128208
946.1344003278111
482.86034703617463
1114.6230198577327
665.1314561298432
448.57763855148033
532.25583123666
621.2803171176665
420.2764196097718
903.5872173217214
668.9272359654206
520.6754034833157
514.6122022937651
542.1517847714861
613.3253207556425
756.714907230432
552.0831207877812
772.416170103079
387.2616957482647
1115.6322000890723
593.575284785461
456.87069305085777
849.9268161895816
863.7183590750288
660.4218507746382
580.4529303609802
661.9536768260074
407.6842565339154
513.195701362936
576.4913907154696
477.98305034304406
1016.6289355582217
1015.3753584432859
717.2167760242376
676.0290121883055
555.4312234792237
713.1399340714793
749.0516289995483
328.25480032468533
569.586473477128
517.437540273815
761.8283184542331
440.4753351964564
652.5003067735388
463.44722600044014
