736.1763659644132
1855.104198139923
55.36298800393333
961.036186824877
1470.9950471068723
1589.2429199377561
973.9889432409218
1920.476824318735
865.3054420929261
1583.7440363190533
1586.7609418179536
1650.154715942819
794.1766225169357
1293.3016119936492
1589.4440037748955
1924.530530981872
1566.374254729372
916.2006014782073
1435.9535799189164
267.72725372258407
702.7156112017468
1915.5616972457751
1925.6665967618064
1924.801780878029
1585.736298668417
1040.0527700658663
1925.1987981000432
1081.7720510017332
1672.339575976015
1720.0518446664248
1316.2220737831692
1659.0080999996853
1926.0748982116625
1604.2382664615084
841.1217608543132
1920.513516985519
1925.2577434944103
310.9373298390171
1553.3929055637302
1621.012713746329
1925.474230697217
1012.9866596582679
1922.826648639729
1614.8620042248053
1922.8978651260807
1879.4505418664978
1913.6583464839905
1925.2237711671635
1618.8534905475335
738.4688623526301
1276.9997656839853
