21.007646871174245
20.33893011712197
20.198822864964814
20.344049945854973
20.596410613044224
20.71269824589512
20.83729291545441
21.07467459270878
20.62358105981388
20.340565167676296
20.473812550524922
20.529320199971238
19.732900215625993
20.466689148725433
19.82475379641146
19.500733191250287
20.07465730298832
20.627942762018584
20.356060939280642
20.754702979436864
20.509189953843016
20.63160430659785
20.083475064707766
20.77796950637881
20.587339720674557
20.58187482729614
21.177682197164774
20.9004876768644
20.725707253526615
19.738113021591406
21.031696895985966
20.539882946057805
20.709068690651332
20.430631789227213
20.606178562837794
20.69716624001644
20.573876074250933
20.028903904730633
20.881887787038256
19.680002596543694
20.842900684392134
20.22184845262916
20.626877215744248
20.419790414393425
19.989536140479164
20.46073498491799
20.32164430318426
20.38035861828692
21.269015219824574
20.151136197936374
