11.388314035533474
12.38358854815925
11.858662065072002
11.306370658480912
11.134369732332718
11.501646571804978
10.788370179297942
11.316223899272881
11.889443898098383
11.657616655460096
11.548111211374058
11.853384515556822
11.263627318494352
11.08186511472643
10.840045063801131
11.918898383952737
11.481526125509198
10.905099783312071
11.01536573721503
11.642291400986442
12.05892820267787
11.043380478737244
11.291806133004695
11.867941353189519
11.74043930796982
10.82540304418554
11.555871500445681
11.437115380086771
11.531531714680797
11.511224928097974
11.405762555287392
11.609266572176129
11.204397400921948
11.75689138344757
11.825507301630147
11.385939138560932
11.356656111320426
11.458467157423588
11.440332436200995
10.901008214015322
11.381887314312403
11.435674324991362
11.323916453561191
11.08068766786522
11.926052753473973
11.8299849998039
11.546549859195675
11.590344570832901
11.458744721062951
11.388947025532087
