2339.9795074698245
2632.5611787668713
2732.2728584993797
2919.249799075587
2401.5332437745187
2228.1085707891593
2602.613293798589
2758.4485969580805
2603.380149193639
3258.211835168152
2575.815480259028
2796.0587536868684
2892.9215238559973
2681.833020063716
3031.474233358692
3338.3520893212394
2649.168132527359
2475.7198245425257
2640.97288947261
2832.6248999921886
2787.200295827216
2607.0409960433526
2759.298654414614
2706.970461885942
2622.9883380309293
2253.377412550621
2545.9557949180344
2561.4432814163847
2252.256458416886
2651.8865606006048
3435.9101502485078
2270.8493413004107
2915.007290830789
2706.2181844330735
2201.2297565826743
2924.8470885899774
2263.7141895954305
2680.998384760131
3113.272573014586
2115.7097192201886
2162.744746980295
2125.4154869832255
2978.1861414504256
2071.502479891084
2762.784571332488
3022.205088528535
2959.306677702118
2746.6906181826475
2824.1544011470082
3301.323607789017
