453.03235908280965
963.0601861013538
53.77253986540441
473.0135902865509
1264.0381972598511
1925.9922475369995
1452.0389893886677
647.8523875515782
1905.6181525905522
1960.0
767.5707460436166
1925.7155029976868
1708.6391109912151
671.8129830217655
1567.0869477934075
982.493434115584
1544.719272634559
1745.2977384268008
719.4663617913121
1048.8083683143616
63.19929995650807
688.647897951922
1923.448985250104
1008.0736390266765
1071.610363900917
54.09936122219639
1922.9314834464506
1923.6312339770805
1608.7106454307618
611.0033852312997
616.8871841341155
1860.8434218752652
1922.9877716204771
1521.2929595406272
274.57372606604144
753.4519283390225
1828.0553094565576
1717.166886838591
1924.9823869419101
769.25184234649
1857.0430779262235
1930.326579554982
1040.305162935015
850.7819824823449
1922.7652659600237
71.00547472417315
1618.8124747932554
1922.8221970210245
1921.6591125762359
1598.4775508354055
1920.9376371114467
