6.516174579585825
6.541047723274748
6.663356575090043
8.80668113215754
8.643069899760885
7.670297168700516
6.540687021018047
6.4999823341683935
8.38588841790356
8.38684146635578
11.161607988021265
7.904428328181318
7.843347269054144
6.3486139616475485
9.417604631223266
inf
inf
8.369271385286892
5.994102561875971
8.271212755240194
5.929968460001925
6.553292637440711
6.522658664148301
6.952283624917392
6.617799264278642
6.400323514434996
6.694462927636076
7.361104194990024
19.962968193458337
6.489619601024309
5.983621503124822
6.164363473870918
8.479830094794817
6.326989762993658
8.459766850453395
15.91103171993968
8.567877948122632
7.311013740409908
8.516075055187892
8.138135628046628
6.351453657905476
5.902348684851345
6.80192316103269
6.007992270701356
5.915830659629083
6.484726840081713
25.80725202248525
6.593476217760113
5.937310513712539
8.396368607321557
6.070628129446424
5.905385651509199
20.41444186771712
5.98103974300083
28.15321193968337
6.558511863452933
8.647696548886865
6.056765725688692
5.942666070453924
6.434251661522128
6.916690172592633
33.21049942951599
8.594067138149509
8.504999820952426
5.9576294840675645
5.971745263388129
33.43990667013942
8.486839544197949
8.133995757759795
5.823657733612165
5.857610655104779
6.127371723292784
6.5929606961189124
5.907997260422572
5.969295800730429
6.101439117749627
5.943074877571782
5.8634699039509295
8.283691625552345
5.989480141333013
5.985340333097122
6.0090430599238545
7.2905108875807825
6.07736718896532
5.941226536879873
5.942612939072488
5.9708742964181605
7.572311700810113
5.845581606388334
26.04766007719713
5.891974269061672
5.85944530738738
5.875569374281755
5.8617823388646535
5.973373032908258
5.8815678455982985
6.399284076271327
5.833942510826755
5.894748748167477
18.21883049573292
6.04785260424493
