6.47811685554819
6.608018140765461
5.948661304811068
19.25278417719324
6.326041967048869
6.494890911620719
6.407433379563689
8.314873291179193
6.141786884232602
6.851721021154593
19.92160858835773
8.705475421226172
16.1465862140534
8.78159598720562
7.466119261252016
8.817158521457165
6.429001515649913
8.83556187602833
6.449631734964308
6.759098764985649
8.332056904056698
6.631838074397632
15.467734946848466
5.945080697309182
5.93762230663752
19.821260539620614
19.874055340014426
8.51101870108137
15.633731991377095
6.853926955689863
6.424789973249058
5.956563798697344
5.889793500092955
5.966099657107402
5.909146308454949
6.019111955119806
5.916038742340996
6.068411898866901
6.363681690219946
5.964791437086334
6.099905308716742
5.906150467373213
5.892379549303518
5.899710016919277
5.959918402857009
5.917090637830831
5.912952468961395
5.908388733975849
6.1806807484716995
5.968683739935654
5.985968066580698
5.887375032790926
5.910354119130619
5.940862247866935
5.916688106280362
5.8988359343626815
5.942431273112423
5.984892996912636
6.103775598591912
6.048360951152995
5.978812833483277
5.9143427597443425
5.858440453900479
5.972226063331621
5.8834075520187765
5.923574783007852
7.578995613388919
6.014876355296315
5.91658062183676
5.875738592664806
5.902208621069408
6.410458816694245
6.01417994167431
5.9022804717740245
6.036546821046771
5.9093527254991365
5.991270679228156
5.889289288463393
6.72624579369147
5.914921432489612
6.767577535106405
6.663670597551939
5.913171424534852
6.6208698407730875
6.035488739865482
5.9241229145103755
6.231551474629698
5.917152307091089
5.948591317321262
6.202320067680205
6.029852448467759
5.994389407706234
6.096687930375393
5.9631184626852
6.360298734456942
6.129307204883348
6.046339880312627
6.047198321037628
6.053993812127567
6.050073426437097
6.002229606496796
